115709 -45077 -100003 -107856
172704 175272 20754 -75975
108968 53738 -77910 -93439
-84180 -110472 37342 60761
38613 1003 -100629 -69621
-152769 53793 70183 111476
-229998 -18826 -140048 44975
100850 -102876 -92150 -96500
161636 57872 76858 -42389
44659 35657 31741 -6459
-159737 6441 -47319 56209
73137 -52079 33129 -20004
-102246 155446 25136 63691
100445 -130291 10817 -44814
176528 -55066 205180 14326
-131595 155687 -5059 63268
-202366 54666 255246 228806
-238802 100162 42402 140602
55208 -115724 -41362 -48285
-261942 30114 16742 139342
-169495 203185 -24977 72259
-82961 32445 -31039 25961
-122728 104716 134282 128505
-226363 33327 -67825 79269
-49086 -126136 -317914 -134414
-3852 80926 81090 42471
150556 -229888 28820 -60868
-315150 21512 49900 182525
-38182 -51496 59616 48899
-13781 51919 -2101 5840
-84468 12364 64892 74680
-98640 56748 148382 123511
159419 125921 -67065 -113242
-214502 -125492 13456 113979
-55055 63447 -46799 4128
-163836 -72154 160680 162258
173950 -106174 23448 -75251
-275532 -46566 2678 139105
275525 -114565 -17035 -146280
-199358 -8020 -66686 66336
-343933 -14685 -45341 149296
-6139 209035 23597 14868
-218831 158339 -43025 87903
55484 20992 20900 -17292
-60092 -66112 62100 61096
-122659 -42485 98069 110364
-25251 -47971 41711 33481
264075 -40463 4415 -129830
72524 -158346 -220004 -146264
152729 -154113 -99223 -125976
-231578 -85280 -4900 113339
-15679 175867 81447 48563
-5217 27167 44973 25095
-104777 92307 -85691 9543
-231874 6236 -123538 54168
-53427 19587 -27723 12852
117034 -140854 -233324 -175179
39518 236914 61974 11228
-183235 -113279 26311 104773
-88480 -207778 -83440 2520
78341 109099 -35087 -56714
-313051 -57781 56937 184994
57347 29899 -94175 -75761
31567 213783 -11209 -21388
86340 -5540 25714 -30313
-7748 243992 -24196 -8224
-267541 -54531 123785 195663
-13605 143851 48143 30874
134859 38745 208063 36602
179875 186099 3843 -88016
-31378 -41134 -151320 -59971
44291 -51153 -146663 -95477
42729 12701 67145 12208
-112792 73124 -205692 -46450
-88369 -104281 25735 57052
-179823 -88473 -36435 71694
-83081 -107283 87381 85231
-192912 172742 15300 104106
67446 76718 146170 39362
205062 -146134 -135782 -170422
-53945 78741 -36197 8874
-89412 -65338 118216 103814
-31795 37721 47079 39437
-111027 201995 -23585 43721
-215325 19563 33843 124584
41186 178098 -66230 -53708
50609 69759 -106293 -78451
29209 43615 115759 43275
-196839 -104073 -55133 70853
-31612 99374 -84528 -26458
-5036 51120 75910 40473
-42559 -18139 -59737 -8589
-20603 -74307 -49453 -14425
-101542 45462 34908 68225
121786 49428 -125200 -123493
284808 102742 91382 -96713
91897 181861 -19613 -55755
124545 -152847 -11999 -68272
-130350 -43114 -10988 59681
3839 13393 -1007 -2423
-149593 -43141 -39541 55026
98763 26403 143557 22397
-277543 -30259 -80239 98652
46296 -86078 -32216 -39256
-22600 -40972 -15900 3350
-22978 -24882 43902 33440
-107415 97389 88235 97825
25583 90951 226391 100404
-16303 -50817 42711 29507
-113540 41992 -166344 -26402
-16832 80612 235498 126165
42941 182771 -132191 -87566
-272348 80078 -2022 135163
198261 -70307 -3975 -101118
43615 53947 -12185 -27900
-104227 73839 4765 54496
-162552 -4144 29440 95996
92561 67979 127463 17451
60647 3703 -151761 -106204
317693 126453 22103 -147795
98675 41805 198679 50002
-40518 -93524 62028 51273
44206 161262 -74226 -59216
-242736 155324 22848 132792
-147329 -4021 28103 87716
2378 -1144 38508 18065
-108100 -49124 60136 84118
140370 116458 3332 -68519
149554 5334 17832 -65861
124642 68156 143076 9217
152204 -9040 -21828 -87016
57338 24116 10974 -23182
13879 59859 -28121 -21000
-66883 105859 -123175 -28146
-12443 204179 -142345 -64951
13599 4447 -92445 -53022
55364 59468 -53372 -54368
-141164 75934 107284 124224
-39629 -48759 -100555 -30463
-116531 30483 -165807 -24638
-96649 -116937 32957 64803
116213 -59427 156351 20069
-240083 -68141 -41855 99114
232162 -110366 24202 -103980
98651 35463 168731 35040
-234511 -31005 133107 183809
41612 -95408 52306 5347
-52119 36517 62371 57245
-61454 48260 -1252 30101
-150801 83121 3463 77132
144474 -47792 -13438 -78956
-305451 39611 47363 176407
53827 77797 281627 113900
-50686 -28960 98040 74363
138654 255468 19538 -59558
145530 29608 124364 -10583
70971 -126445 35031 -17970
272166 -11186 124840 -73663
53722 167292 -39488 -46605
5326 93030 -48782 -27054
-99111 -46079 123199 111155
-190763 5863 73311 132037
-227834 -32290 36266 132050
27627 24989 -83573 -55600
-196795 -86605 -4483 96156
304195 28373 32971 -135612
-214544 -11078 40596 127570
-92870 53812 264032 178451
269501 19749 -58383 -163942
91194 -79976 16480 -37357
-199426 139760 8022 103724
-41439 23429 99963 70701
-48504 93824 65936 57220
-35356 -69214 50042 42699
-97890 78290 -138 48876
111640 78256 270762 79561
-94810 -35284 41770 68290
-169344 8728 30272 99808
-173095 -743 32867 102981
-114799 148123 26621 70710
-116592 37708 -159000 -21204
-137161 -51455 40677 88919
-121583 -74151 -60471 30556
92831 -42271 -38449 -65640
72293 -143855 -112793 -92543
-89310 -41704 -114470 -12580
-60327 23601 46847 53587
232250 -110066 -16592 -124421
150990 -249786 44938 -53026
-66421 -40091 77029 71725
-36545 -32427 -83367 -23411
207297 -96903 24035 -91631
65880 -23492 10744 -27568
-90325 -73893 -86585 1870
-142916 184286 66368 104642
-82861 -62345 49679 66270
-29584 -126388 40970 35277
11232 -95090 60724 24746
96449 15481 40619 -27915
93188 105772 -58538 -75863
-103771 -37663 -29463 37154
193637 -54153 96315 -48661
355655 -137265 -76039 -215847
125889 73015 -65853 -95871
-191796 -40968 -146850 22473
117788 81788 -31850 -74819
-152224 -138100 24488 88356
-216659 -35101 90661 153660
-65270 -160788 -33522 15874
-295625 -35265 14975 155300
15851 49385 37991 11070
-41780 67182 -60 20860
134821 91551 10517 -62152
-134306 -52272 139680 136993
-34994 -17688 64170 49582
-119801 25399 93471 106636
-152432 -49968 124778 138605
-114995 111491 -115509 -257
-135173 8417 46545 90859
83509 3807 769 -41370
2614 36400 49768 23577
-73224 -47356 76320 74772
-73141 -22145 45539 59340
-84926 146034 -86932 -1003
69981 -120855 -12707 -41344
70495 -149721 -9391 -39943
112037 -126599 37175 -37431
-251460 -112664 25090 138275
202470 -6068 202316 -77
33665 -89315 42327 4331
851 162869 -96855 -48853
-10439 137467 -50675 -20118
162242 3990 61514 -50364
-295227 -51033 61105 178166
115216 -163628 21560 -46828
14851 -154305 -25533 -20192
-194260 -81344 69834 132047
35209 29059 92999 28895
-95251 -45657 44705 69978
177883 166875 18879 -79502
366461 -117143 -91295 -228878
-265117 22575 -15783 124667
60875 133141 -35999 -48437
66265 114435 -15795 -41030
-239163 -96923 -49953 94605
-30738 28618 -156788 -63025
-231390 -131138 -382 115504
82021 88081 -95107 -88564
292349 155339 -33173 -162761
252006 -138338 42512 -104747
-147312 -79836 -484 73414
-31241 30225 -20579 5331
-12263 13399 58759 35511
179970 174598 -35816 -107893
-105164 99688 -90712 7226
-97931 -56811 -298613 -100341
-72218 -12402 58156 65187
-54920 -39242 -91734 -18407
-194390 -82054 -119596 37397
-10455 -86297 40605 25530
-99474 106536 -132830 -16678
-32871 24319 12507 22689
55351 49773 -3887 -29619
-259861 110147 31907 145884
-101324 -144140 92374 96849
20434 -35076 35576 7571
57847 21279 917 -28465
135722 832 171632 17955
-77674 -96148 83588 80631
78636 -16076 49390 -14623
217460 -20602 173836 -21812
42204 27186 31800 -5202
74642 192276 34684 -19979
348984 -55574 139342 -104821
-239150 56016 -38940 100105
97843 204631 -42839 -70341
-142728 32242 -63982 39373
-143954 -78270 -4830 69562
261510 41744 50958 -105276
70655 118023 -167779 -119217
235645 110803 -34299 -134972
-190638 144426 -73436 58601
263472 141980 100358 -81557
-35605 66859 247251 141428
-36801 12361 34335 35568
110486 -6646 1128 -54679
-241032 54160 -29398 105817
104654 -25570 53208 -25723
209143 67975 25519 -91812
-98006 -108702 43204 70605
-78758 -95146 91740 85249
1202 -64962 -87708 -44455
186169 197907 19979 -83095
-20638 -99468 -36342 -7852
-105305 90509 -41671 31817
58798 70914 -24320 -41559
-234185 35739 162483 198334
4883 146987 -2105 -3494
-239377 4547 -59013 90182
-177629 -42389 -81483 48073
13974 114632 -69874 -41924
-35685 148343 12691 24188
54943 111895 -4087 -29515
-115603 197693 -7845 53879
-54101 35337 -76325 -11112
-229975 157669 -25063 102456
-42933 -12337 -125863 -41465
-270245 -79533 7025 138635
-59933 -10215 99205 79569
307815 87523 91311 -108252
-105725 21083 -33751 35987
88281 36391 4571 -41855
153081 38683 208713 27816
-131455 825 101419 116437
-74883 60117 19581 47232
-82193 125465 26317 54255
-161979 124935 -20577 70701
164764 125904 -72060 -118412
79836 -119292 47938 -15949
-79094 37738 15012 47053
64548 -91188 -64202 -64375
-41646 -44230 -3358 19144
142618 -94986 38998 -51810
-11049 26865 -79631 -34291
178855 162403 -43903 -111379
-62812 151214 13124 37968
-47772 24198 -7594 20089
80148 9618 -68644 -74396
-99069 16659 92257 95663
248959 42811 40579 -104190
153209 -234043 62557 -45326
-102270 84416 42284 72277
-269896 -15702 33924 151910
-227321 -48055 -89931 68695
276782 -143074 28216 -124283
-132645 77285 -44299 44173
-180584 -145884 -102024 39280
-15313 66599 40881 28097
-102567 25113 63241 82904
206333 36827 23345 -91494
148448 28264 -13728 -81088
-129997 140853 11319 70658
-45267 17343 51317 48292
-279449 -25857 -15273 132088
-96474 191700 -47858 24308
14324 -145158 -33536 -23930
-162765 25509 67891 115328
-22689 143615 13369 18029
-138339 44519 52453 95396
-111808 -37844 -106966 2421
130544 157636 -3980 -67262
46637 40707 14459 -16089
-86060 29714 -12448 36806
-205820 3316 -105140 50340
-226416 51610 -4818 110799
-220203 -140269 21257 120730
-27041 -31445 -49757 -11358
-151414 24074 -38794 56310
-104184 32370 76236 90210
-333566 -53554 37516 185541
145247 69053 -17701 -81474
-39252 -13210 -24374 7439
-7160 -134014 29780 18470
-4658 -66772 -26560 -10951
-14797 -116615 -346055 -165629
-26854 -124482 -14238 6308
186182 8270 53640 -66271
-217769 -128387 -219687 -959
-105379 -55691 126435 115907
-18673 53929 42579 30626
-29776 -5646 -25356 2210
8002 -62544 -4780 -6391
-15376 -69684 5488 10432
-135633 -47035 69985 102809
205061 82457 -58865 -131963
184332 -128074 30006 -77163
-30906 29162 54920 42913
-126218 22878 74980 100599
65432 188834 15730 -24851
77182 69414 -89992 -83587
85187 -38439 -150487 -117837
-7887 -1153 24737 16312
24908 -129312 -10514 -17711
-117255 188927 -126975 -4860
44780 177170 -27584 -36182
166844 142318 15838 -75503
209593 -104665 -267753 -238673
-289413 6025 -17779 135817
-220814 -105644 -15852 102481
-80069 -143671 -207637 -63784
202708 85756 -48066 -125387
-89113 179637 -2465 43324
-204270 123720 -26024 89123
-237060 31972 39308 138184
-186330 180266 44088 115209
-826 88030 -49958 -24566
-62840 -37724 -155200 -46180
55508 95618 33002 -11253
-80140 -30226 23910 52025
15474 -26366 91418 37972
85950 56422 241832 77941
-83803 -132339 17975 50889
137560 173444 -70646 -104103
62191 16799 7087 -27552
154188 -73850 -195950 -175069
-136345 32599 40487 88416
190892 10290 83300 -53796
36259 -220985 -65339 -50799
103704 41826 204182 50239
-45235 46843 40975 43105
-111886 187720 2506 57196
65719 -63003 -92477 -79098
166287 69951 -86951 -126619
-166088 2272 -34022 66033
-151961 -35543 89355 120658
-6105 215767 49613 27859
-73869 -96659 -258279 -92205
-126077 170951 27723 76900
-121221 48355 30099 75660
-27165 75075 -12191 7487
161816 -65568 -205114 -183465
166039 40691 145591 -10224
-78635 27327 120445 99540
253187 3895 -33017 -143102
-43430 42314 43248 43339
-161281 63409 2621 81951
-192040 -113470 49348 120694
-123392 -86368 -11084 56154
120826 -19884 194718 36946
-54826 -69232 -200728 -72951
7220 62850 19382 6081
8170 -141378 -72154 -40162
-132802 80602 -105262 13770
65267 -2053 15461 -24903
72166 150616 -112320 -92243
30578 106760 -22508 -26543
168996 -53518 6776 -81110
111461 22631 32851 -39305
753 -71827 -66323 -33538
148144 55648 83050 -32547
248716 -5934 107102 -70807
-266358 -39260 31120 148739
-102370 192564 -97484 2443
65709 5275 50319 -7695
28803 -146957 -6783 -17793
-90377 96907 102695 96536
182431 244729 8249 -87091
391306 -83454 110968 -140169
-117643 197625 -12493 52575
-54977 11615 40887 47932
-51810 91810 -161528 -54859
-100520 -22654 45172 72846
17975 -98527 79973 30999
-134059 -51941 109689 121874
-122636 -12308 61086 91861
44574 -42804 -178050 -111312
98811 -125437 -250565 -174688
-223699 -79283 -27561 98069
238847 -22989 26593 -106127
-15106 159562 5368 10237
9880 -19686 -105234 -57557
71972 164092 3792 -34090
-143026 -151414 12172 77599
-204596 -130130 26836 115716
-135249 194327 -14235 60507
-61560 130158 10678 36119
95243 217139 -30263 -62753
-58736 61398 -18556 20090
-133883 190193 101965 117924
76211 86669 11473 -32369
41035 17777 32823 -4106
-221950 71420 1522 111736
-75301 -62425 102371 88836
9324 9272 42274 16475
50679 88527 -62809 -56744
91074 35068 -8112 -49593
-148904 -60388 63928 106416
-82593 -38411 -89631 -3519
175212 112408 -122348 -148780
-76169 81099 -8583 33793
-78818 121478 81340 80079
-54926 -104838 -5622 24652
-28785 -95389 -232731 -101973
-277580 -32438 50646 164113
212394 27870 -5388 -108891
-241767 -98575 -25691 108038
-317062 -99786 2480 159771
231508 -4180 11248 -110130
-79303 67739 30639 54971
-41690 32118 29606 35648
156224 112596 -9724 -82974
-15536 -57966 51088 33312
243116 67176 88984 -77066
29953 -147417 -242151 -136052
25653 6437 -87125 -56389
-119733 253471 -27833 45950
200418 -90982 19088 -90665
71942 -73996 -182638 -127290
-63152 -70044 33238 48195
25904 -183296 119316 46706
-125816 48494 209576 167696
164300 128408 15470 -74415
-49523 101263 -47835 844
-73637 96057 16329 44983
83462 100146 23394 -30034
26292 -38534 98782 36245
-159874 112924 -1444 79215
-22135 42135 143267 82701
-109525 45939 -17553 45986
320382 -62256 -48126 -184254
58989 176329 25293 -16848
-248495 83371 -19601 114447
195965 192723 19367 -88299
-71432 7420 -4818 33307
-235307 -16445 92457 163882
203289 74353 105415 -48937
-185657 -130523 19579 102618
94067 -127135 18883 -37592
-200926 -103838 -1826 99550
-7757 -5601 62045 34901
52757 147837 -11583 -32170
42362 46646 -82796 -62579
-118460 -108180 115926 117193
8914 42114 1122 -3896
-165647 62449 -120923 22362
-264175 -98209 -7893 128141
-58232 51814 53012 55622
147881 -19157 33667 -57107
81159 -204515 21339 -29910
-139993 156151 9457 74725
-278139 -36917 -63873 107133
79607 121417 -40001 -59804
-135560 77756 -101688 16936
-28050 114096 -38726 -5338
-69663 80801 11211 40437
-166216 14204 -84722 40747
89456 226888 66988 -11234
82824 -60380 -100506 -91665
262826 -111294 112956 -74935
-74018 139356 -22130 25944
-192313 37637 -76011 58151
-59365 -23553 42591 50978
301 -45013 -61807 -31054
102593 58781 209389 53398
249503 68937 -48409 -148956
-242174 88118 95134 168654
-32587 35185 32723 32655
166408 228464 11368 -77520
64040 100336 -34338 -49189
24366 144618 -30548 -27457
163475 -122169 -145417 -154446
-160563 -41049 141037 150800
-127507 -62439 22995 75251
176172 -52992 176664 246
-14365 186301 13573 13969
-18390 35806 -74722 -28166
227660 -31844 29620 -99020
-126351 4557 35571 80961
-148471 56265 239965 194218
40816 161968 -40304 -40560
-26158 52454 -133412 -53627
-113860 89614 2944 58402
-16286 14568 22636 19461
139603 -119335 -67249 -103426
-7529 -27273 87725 47627
2847 24033 -35709 -19278
193504 -173166 40416 -76544
266348 103772 -29932 -148140
-141766 16694 44372 93069
21747 -138187 12373 -4687
-132455 27477 -29521 51467
-195461 -82469 -98131 48665
-35731 69713 110987 73359
3537 174689 -54375 -28956
-84140 51254 4008 44074
137464 12396 204890 33713
-15529 -27211 -54767 -19619
191208 -194130 41702 -74753
-20364 104252 193444 106904
-44328 131574 -120422 -38047
3044 -19954 -47434 -25239
-118952 162654 17794 68373
63003 135313 -57733 -60368
-213289 -37471 -213515 -113
14330 156466 -104380 -59355
-78156 112426 -124960 -23402
41466 -11186 26186 -7640
139742 42744 107408 -16167
218867 -50031 72517 -73175
-78626 3020 -156126 -38750
-58822 35540 -132546 -36862
-65956 -85066 -292460 -113252
-274614 -44052 -108478 83068
-64971 78145 -9067 27952
65934 60394 44584 -10675
-67549 47477 48687 58118
-58617 24041 95971 77294
168834 7630 -227414 -198124
-19577 20743 56065 37821
-50360 24514 -120632 -35136
102053 183993 1579 -50237
193012 84038 253776 30382
-92570 -2446 -45946 23312
-212453 26705 3747 108100
84383 3419 96249 5933
-63665 -175267 -130681 -33508
82050 51766 -28680 -55365
-128552 -121540 45426 86989
-106329 150239 9185 57757
-5415 5729 -110043 -52314
17472 -66360 -89460 -53466
-110586 41454 62364 86475
-102604 62106 -24660 38972
-48084 122988 -11704 18190
-8707 164881 -20221 -5757
6260 -17864 -63828 -35044
-49489 -56999 -114679 -32595
-206863 153649 -41741 82561
120503 -31693 -71925 -96214
11430 -123480 55588 22079
37285 -182287 80823 21769
-9336 16896 -67836 -29250
121194 61982 -8142 -64668
180250 204414 -10210 -95230
-137558 83708 84864 111211
65016 -79378 75760 5372
59768 117768 18496 -20636
-53078 10172 17126 35102
-53621 231583 55137 54379
-46591 19727 67213 56902
58873 116053 -36001 -47437
171034 -182010 28556 -71239
-104613 76819 -29435 37589
72356 -64682 98302 12973
-10255 38383 53497 31876
-285585 13467 4989 145287
-82072 127570 -64340 8866
-192609 -135559 -100891 45859
181698 -17334 19952 -80873
-245856 2542 -59470 93193
-164669 -82833 8285 86477
-87214 40344 45608 66411
-166926 -31766 -147678 9624
52688 19024 -1894 -27291
62785 22783 -24359 -43572
182817 -130991 4009 -89404
-64992 25018 36484 50738
-80790 79620 -1234 39778
-101658 48052 222202 161930
-27325 -5827 40487 33906
-193659 -24191 192943 193301
-68213 -59567 -30801 18706
128064 -52720 -134552 -131308
-275085 -84253 -3305 135890
204930 3550 200258 -2336
-232272 -50952 15862 124067
221181 88567 55771 -82705
-76177 16267 4911 40544
62748 105350 -28568 -45658
-66592 -81254 21904 44248
-224187 -130531 19069 121628
142176 23228 2126 -70025
-50991 -32095 -8151 21420
-190706 77982 268086 229396
-230110 59002 38656 134383
126934 -92160 -87182 -107058
-196761 162523 -19245 88758
27614 183634 -1794 -14704
39937 112669 -9571 -24754
-128897 4583 -56875 36011
-184279 31493 35275 109777
-133730 30926 54090 93910
-53157 159317 -38281 7438
-114530 -29234 -50486 32022
182544 -170786 83096 -49724
-284721 -19535 22993 153857
181975 -145155 -50447 -116211
-152740 200136 58054 105397
-133529 -52315 81745 107637
-114767 -43839 45045 79906
-71661 91087 25393 48527
143778 34634 -169208 -156493
-44451 86399 -84169 -19859
-31176 60112 -58234 -13529
3023 226819 -96693 -49858
-45164 -59698 64454 54809
-14721 89283 38859 26790
-116193 72751 -55425 30384
-79070 -101486 28332 53701
116951 -153717 32653 -42149
-22913 -11367 173715 98314
158098 128006 -3898 -80998
-167030 -28480 154364 160697
133418 148072 -34404 -83911
-58305 -63507 -41407 8449
-150420 -116432 20366 85393
-202951 213541 21881 112416
168148 -33116 -20252 -94200
250750 105110 -30714 -140732
-302882 -90562 80548 191715
-39518 144576 -16276 11621
69237 -69687 65431 -1903
-215818 -79032 16976 116397
-147672 -63342 -85082 31295
-223397 -146747 -62471 80463
-238985 -62123 175485 207235
-126881 26229 83915 105398
-28621 15715 -26977 822
101100 -147472 -296116 -198608
40385 -75169 96487 28051
55177 65751 274045 109434
-18487 44469 17231 17859
-44615 -54167 -104545 -29965
25633 157263 6757 -9438
-153285 -122633 27125 90205
1290 56576 129158 63934
339965 -68255 -31989 -185977
-75708 84646 1542 38625
-8441 -14793 17329 12885
-16717 -33701 -3625 6546
-60204 9976 -51146 4529
-98571 191617 -30631 33970
-264358 -86026 -21850 121254
-19560 48212 109440 64500
147950 51696 11328 -68311
-97562 -73190 58446 78004
-98537 16097 126423 112480
349951 57393 21357 -164297
103857 34149 21735 -41061
-155605 110199 -16317 69644
119942 -91282 41004 -39469
298602 -113480 46018 -126292
-6670 -154860 -127124 -60227
-32985 76577 262753 147869
46993 189827 26879 -10057
229809 -12853 -53885 -141847
125892 77616 60594 -32649
-28304 127602 -38724 -5210
-57950 -106474 -284048 -113049
-240380 51728 26572 133476
-241754 -59738 -19964 110895
-58985 50407 5613 32299
-142222 -36274 44254 93238
185599 -135975 -25655 -105627
-113136 25436 17460 65298
101445 40501 77917 -11764
-1105 142719 -92711 -45803
154825 9343 171165 8170
168044 -58024 -270618 -219331
200808 -26832 144918 -27945
-43783 32313 68639 56211
-182762 -56528 32458 107610
-206540 72902 -35928 85306
-36105 -110495 64031 50068
-41056 12744 5342 23199
-70298 56920 155366 112832
-155838 174728 29172 92505
-120862 72816 -44656 38103
-99771 -101095 52925 76348
92476 77786 -100724 -96600
-296806 -121234 -112544 92131
133937 116487 -167059 -150498
86524 65770 187226 50351
-31667 67853 41983 36825
56229 -129765 74137 8954
-99728 41442 4374 52051
159581 42349 -98097 -128839
99088 79316 36430 -31329
-49701 10287 25715 37708
-4386 71102 41638 23012
41199 10155 -94555 -67877
-264336 18548 29774 147055
-21962 -11660 -88018 -33028
192054 -102452 148534 -21760
-153157 48017 -6137 73510
-151211 -37139 -91657 29777
-176703 -30915 217447 197075
-55276 93534 82418 68847
-99290 -92048 -8944 45173
-244951 -14597 -63183 90884
-148589 -90653 -2219 73185
56362 -131426 8010 -24176
159460 160412 -49982 -104721
-70452 -22148 -24204 23124
-128594 42908 -23876 52359
299688 -146826 74584 -112552
-143118 -78666 -1802 70658
-64171 -42539 -34215 14978
-113418 -66312 29380 71399
-38778 37906 69318 54048
3384 -134110 -347532 -175458
30925 -51403 -81233 -56079
-108573 77753 -52039 28267
213200 -196650 -46520 -129860
49816 78670 43730 -3043
102343 30993 56311 -23016
-126448 69302 222496 174472
93038 -55700 -128196 -110617
143190 193498 -106082 -124636
-69819 -30489 85445 77632
72361 1565 -22521 -47441
-237993 50169 12903 125448
146864 116136 16604 -65130
4096 -127874 12254 4079
-260014 -72308 47812 153913
-82608 51988 -14838 33885
-124978 10626 9750 67364
119878 55152 394 -59742
-46110 157808 16402 31256
197918 252896 23426 -87246
-105938 -131378 -314814 -104438
-148204 9028 -47004 50600
234880 41054 73800 -80540
-253693 -70595 -45559 104067
-12017 -29523 76167 44092
-130306 52352 -51678 39314
-182990 -106726 41300 112145
-50049 -4491 43831 46940
-100343 -61369 -169291 -34474
-89443 39755 -9263 40090
222063 -103693 6539 -107762
-155882 -880 -46594 54644
-124635 -56813 144549 134592
65620 25510 75472 4926
-51989 94797 182525 117257
-43569 -42373 -100925 -28678
-55462 27408 29594 42528
101639 50587 -16849 -59244
73056 66848 -106948 -90002
21947 34773 49349 13701
52057 185673 10659 -20699
78179 -9317 -78473 -78326
-156857 37705 50711 103784
95824 198782 -92998 -94411
-72979 50915 43221 58100
-125817 50223 -162613 -18398
264125 -176321 -11823 -137974
-235891 62549 69081 152486
191488 25758 175480 -8004
-124733 -26131 -17595 53569
-44800 125888 159912 102356
111 -227381 -201563 -100837
60147 123815 -52923 -56535
-102553 43549 -137847 -17647
-35788 -66020 54000 44894
199883 118607 -29849 -114866
-165144 59126 8800 86972
-37545 145061 -59287 -10871
198416 90758 -27464 -112940
-148257 -11899 23389 85823
-275370 -64018 33674 154522
111282 -76644 27074 -42104
