-59022 -97582 40224 49623
-32045 -76045 -50043 -8999
-79981 -95867 -18217 30882
-54793 -99977 24961 39877
-67639 -72231 -47745 9947
-113865 -43517 -38523 37671
-21458 -67758 -19750 854
-32690 -89286 -11654 10518
-74305 -77505 -13797 30254
-54462 -77526 -4578 24942
-12056 -88536 -38402 -13173
-57512 -102366 34810 46161
-57140 -112054 26474 41807
-32405 -86509 -50563 -9079
-71054 -100774 -29300 20877
-73146 -77850 5410 39278
-77543 -67109 -17237 30153
-42625 -94591 22407 32516
-86549 -75215 -7415 39567
-57384 -86784 -29466 13959
-77873 -92257 33689 55781
-61438 -79546 -4010 28714
-94598 -74588 -8752 42923
-104898 -45930 -16348 44275
-66141 -80723 2589 34365
-54594 -97926 12954 33774
-47597 -97209 -42701 2448
-66431 -97345 -25273 20579
-51704 -76520 -36940 7382
-46529 -72167 -49535 -1503
-68882 -92572 6232 37557
-47339 -76411 -19995 13672
-43031 -98103 -18543 12244
-51833 -88121 -29581 11126
-102831 -40729 -19079 41876
-17107 -116601 12245 14676
-37922 -113220 -24562 6680
-1654 -85472 -29942 -14144
-17600 -102370 15662 16631
-20916 -87704 -26388 -2736
-22820 -95080 10480 16650
-84969 -86147 -41461 21754
-72741 -98741 -13687 29527
-108574 -49252 -10910 48832
-61443 -95901 4039 32741
-119525 -36541 -21367 49079
-59426 -105046 -2972 28227
-27619 -90603 -1003 13308
-87872 -107642 -9658 39107
-90638 -78188 -8694 40972
-41681 -116205 -21441 10120
-18367 -101613 15765 17066
-22690 -106674 -20086 1302
-86400 -64254 9428 47914
-15050 -94952 23222 19136
-48387 -103337 28409 38398
-46552 -61522 -13606 16473
-73070 -86416 3110 38090
-41834 -42098 -20618 10608
-27710 -93756 6094 16902
-71092 -94570 22054 46573
-38813 -105351 -3107 17853
-53391 -53525 -15307 19042
-115765 -42691 -14445 50660
-85485 -58669 -2297 41594
-11294 -88550 -19470 -4088
-67181 -74923 -11593 27794
-69587 -101597 -3983 32802
-37951 -71885 -32895 2528
-82020 -95994 28604 55312
-44648 -98648 18114 31381
-11673 -60399 8127 9900
-67740 -62156 -33510 17115
-69559 -82593 -8025 30767
-91992 -59738 -1988 45002
-66434 -93084 -9784 28325
-63747 -110731 20131 41939
-22157 -97647 14209 18183
-52607 -106505 3689 28148
-67435 -93775 -19345 24045
-91871 -68493 -17261 37305
-50872 -95044 1702 26287
-69684 -49368 -35398 17143
-36264 -70776 -23262 6501
-8296 -83324 -27208 -9456
-49615 -96801 -5733 21941
-27302 -80674 -38600 -5649
-35642 -106030 -21594 7024
-20804 -109456 19218 20011
-23735 -88241 7029 15382
-57243 -68405 -13183 22030
-42073 -71239 -53051 -5489
-64677 -99933 -21537 21570
-55622 -103342 -6760 24431
-37336 -86396 34 18685
-18532 -73656 20180 19356
-69412 -115842 -12958 28227
-45856 -46800 -32478 6689
-95427 -76549 3253 49340
-58926 -50634 -25546 16690
-63348 -78048 -28238 17555
-48872 -99320 28842 38857
-57033 -80739 -26081 15476
-71011 -97055 -119 35446
-75867 -88995 4727 40297
-44035 -96989 13729 28882
-81569 -76563 -56269 12650
-66605 -94583 18521 42563
-46583 -96681 3949 25266
-10811 -103819 29959 20385
-52492 -92198 -39626 6433
-18228 -118766 5106 11667
-27473 -108559 -253 13610
-79280 -68640 -8264 35508
-122578 -31224 -25032 48773
-74983 -84209 -23247 25868
-66300 -118996 -1908 32196
-39719 -99577 -7307 16206
-33501 -84419 -31765 868
-22021 -84629 -2743 9639
-84914 -63558 -15164 34875
-66434 -80200 5162 35798
-27431 -111635 -11079 8176
-62363 -116705 -233 31065
-60528 -85260 -7236 26646
-67024 -65708 -34492 16266
-67910 -96092 8748 38329
-64918 -93332 26428 45673
-77689 -99499 -9307 34191
-39826 -90352 13326 26576
-53858 -72178 -36968 8445
-48998 -64770 -23080 12959
-64668 -92832 13226 38947
-7685 -83151 -28501 -10408
-28428 -80224 3442 15935
-48051 -113969 11279 29665
-112855 -40813 -23615 44620
-44937 -72993 -11147 16895
-36748 -76838 1622 19185
-60530 -84908 -612 29959
-52120 -80566 -19452 16334
-56825 -91383 -11649 22588
-33254 -102594 -19386 6934
-62820 -95856 5956 34388
-97209 -56685 -5799 45705
-114050 -47308 -9998 52026
-52683 -91315 -40411 6136
-66928 -94688 15700 41314
-106908 -53730 -19194 43857
-67936 -92986 -9728 29104
-42030 -77650 -15522 13254
-75540 -85880 -5102 35219
-64948 -96732 -5978 29485
-56147 -84021 26215 41181
-8939 -115725 8877 8908
-52827 -97859 12231 32529
-65589 -81739 -7691 28949
-25889 -113511 -19583 3153
-23792 -71848 -16240 3776
-58589 -82017 -3767 27411
-37656 -70940 -5038 16309
-33907 -71865 -34541 -317
-24239 -96665 16413 20326
-51551 -102181 4639 28095
-76304 -101048 -2722 36791
-75153 -102449 -4149 35502
-73360 -82998 -21636 25862
-45523 -103635 22869 34196
-70494 -95698 30616 50555
-55368 -93234 12270 33819
-30157 -93549 6875 18516
-57338 -95620 8210 32774
-49113 -86457 -4739 22187
-22414 -100078 15484 18949
-48326 -83102 -26416 10955
-21631 -114915 18161 19896
-44040 -64530 21730 32885
-77771 -102515 -9099 34336
-97812 -43936 -15676 41068
-23680 -71658 -19546 2067
-92879 -54319 -8659 42110
-44436 -95060 -21342 11547
-73194 -99688 -21172 26011
-25973 -72489 227 13100
-68207 -106551 -8029 30089
-67542 -94662 12524 40033
-58842 -120286 17230 38036
-54826 -101306 -9956 22435
-58020 -100578 -11976 23022
-25608 -114484 -18052 3778
-37083 -83157 -12567 12258
-56130 -83146 -25440 15345
-42107 -67437 -13289 14409
-37604 -73830 -13064 12270
-14628 -98514 14898 14763
-63002 -92520 -12916 25043
-89413 -75911 -22471 33471
-70449 -56821 1903 36176
-60219 -98739 28417 44318
-50989 -76321 24471 37730
-41560 -108662 12064 26812
-22254 -105132 32906 27580
-23342 -114318 46692 35017
-59863 -100747 37051 48457
-54361 -118969 18665 36513
-61156 -91024 -20224 20466
-24517 -82311 -11941 6288
-85710 -73784 -33058 26326
-53211 -79293 705 26958
-53151 -75117 -25659 13746
-60511 -98305 7123 33817
7424 -97610 11518 2047
-61562 -93328 29836 45699
